0001222 300
0001223 300
0003466 300
0003468 300
0004050 300
0004052 300
0004080 300
0004173 300
0004213 400
0004241 400
0004289 400
0004599 300
0004650 300
0004757 300
0004784 300
0004785 300
0004824 300
0004898 300
0004903 300
0004904 300
0004905 300
0004906 300
0004911 300
0004912 300
0004914 300
0004915 300
0004919 300
0004925 300
0004926 300
0004927 300
0004950 300
0004953 300
0004973 300
0004976 300
0004982 300
0004984 300
0004985 300
0004989 300
0004993 300
0004998 300
0005001 300
0005002 300
0005013 300
0005018 300
0005019 300
0005020 300
0005021 300
0005022 300
0005023 300
0005024 300
0005025 300
0005026 300
0005027 300
0005034 300
0005036 300
0005037 300
0005042 300
0005048 300
0005054 300
0005055 300
0005061 300
0005072 300
0005077 300
0005078 300
0005079 300
0005080 300
0005082 300
0005085 300
0005087 300
0005093 300
0005111 300
0005115 300
0005116 300
0005117 300
0005118 300
0005119 300
0005121 300
0005124 300
0005125 300
0005126 300
0005127 300
0005128 300
0005129 300
0005130 300
0005131 300
0005134 300
0005135 300
0005136 300
0005139 300
0005140 300
0005141 300
0005142 300
0005147 300
0005149 300
0005150 300
0005151 300
0005152 300
0005154 300
0005155 300
0005181 300
0005185 300
0005188 300
0005200 300
0005205 300
0005207 300
0005210 300
0005217 300
0005224 300
0005228 300
0005229 300
0005230 300
0005301 300
0005302 300
0005304 300
0005305 300
0005306 300
0005307 300
0005308 300
0005309 300
0005310 300
0005311 300
0005312 300
0005314 300
0005316 300
0005547 400
0005548 400
0005900 300
0005916 300
0005919 300
0005921 300
0005978 300
0006550 300
0006710 300
0006719 300
0006720 300
0006815 300
0006897 300
0006925 300
0006926 300
0006928 300
0006931 300
0007018 300
0007021 300
0007022 300
0007025 300
0007026 300
0007030 300
0007031 300
0007035 300
0007303 300
0007309 300
0007310 300
0007312 300
0007315 300
0007321 300
0007322 300
0007323 300
0007324 300
0007325 300
0007326 300
0007328 300
0007362 300
0007455 300
0007520 300
0007521 300
0007522 300
0007754 400
0007755 300
0008066 400
0009020 400
0009062 400
0009063 400
0009064 400
0009066 400
0009067 400
0009070 400
0009071 400
0009073 400
0009074 400
0009080 400
0009084 400
0009088 400
0009093 400
0009098 400
0009099 400
0009111 400
0009113 400
0009114 400
0009120 400
0009132 400
0009138 400
0009142 400
0009314 400
0009345 300
0009379 300
0009881 400
0009882 300
0011049 300
0011050 300
0011051 300
0011052 300
0011053 300
0011072 300
0011073 300
0011076 300
0011079 300
0011081 300
0011082 300
0011083 300
0011086 300
0011088 300
0011091 300
0011092 300
0011093 300
0011094 300
0011095 300
0011098 300
0011102 300
0011103 300
0011105 300
0011109 300
0011111 300
0011112 300
0011114 300
0011115 300
0011116 300
0011117 300
0011118 300
0011119 300
0011120 300
0011121 300
0011125 300
0011126 300
0011127 300
0011130 300
0011131 300
0011132 300
0011134 300
0011135 300
0011138 300
0011139 300
0011140 300
0011141 300
0011142 300
0011144 300
0011145 300
0011146 300
0011147 300
0011150 300
0011151 300
0011152 300
0011153 300
0011154 300
0011155 300
0011157 300
0011158 300
0011159 300
0011178 300
0011179 300
0011185 300
0011188 300
0011192 300
0011193 300
0011196 300
0011197 300
0011199 300
0011202 300
0011244 300
0011286 300
0011302 300
0011313 300
0011619 300
0011623 300
0011628 300
0011633 300
0014936 300
0014937 300
0014938 300
0014939 300
0014940 300
0014941 300
0014942 300
0014943 300
0014944 300
0014945 300
0014946 300
0014947 300
0014948 300
0014949 300
0014950 300
0016123 300
0016124 300
0016125 300
0016126 300
0016127 300
0016128 300
0016129 300
0016130 300
0016131 300
0016132 300
0016133 300
0016134 300
0016135 300
0016136 300
0016137 300
0016138 300
0016140 300
0016141 300
0016142 300
0016143 300
0016144 300
0016145 300
0016146 300
0016147 300
0017142 300
0017144 300
0017147 300
0017150 300
0017151 300
0017152 300
0017153 300
0017155 300
0017156 300
0017157 300
0017158 300
0017159 300
0017160 300
0017161 300
0017163 300
0017172 300
0017176 300
0017177 300
0017178 300
0017179 300
0017180 300
0017181 300
0017182 300
0017184 300
0017185 300
0017186 300
0017187 300
0017188 300
0017189 300
0017190 300
0017191 300
0017192 300
0017194 300
0017195 300
0017196 300
0017197 300
0017198 300
0017199 300
0017200 300
0017201 300
0017202 300
0017203 300
0017204 300
0017205 300
0017206 300
0017207 300
0017208 300
0017209 300
0017210 300
0017211 300
0017212 300
0017213 300
0017215 300
0017216 300
0017218 300
0017224 300
0017225 300
0017227 300
0017228 300
0017229 300
0017230 300
0017231 300
0017232 300
0017233 300
0017234 300
0017235 300
0017236 300
0017237 300
0017238 300
0017239 300
0017240 300
0017241 300
0017242 300
0017243 300
0017244 300
0017245 300
0017246 300
0017247 300
0017248 300
0017249 300
0017251 300
0017252 300
0017253 300
0017254 300
0017258 300
0017260 300
0017261 300
0017262 300
0017263 300
0017264 300
0017265 300
0021405 300
0021720 300
0021725 300
0021728 300
0021729 300
0021730 300
0021731 300
0021732 300
0021734 300
0021736 300
0021738 300
0021739 300
0021740 300
0021741 300
0021743 300
0021744 300
0021745 300
0021752 300
0021754 300
0022040 300
0022341 300
0022344 300
0022347 300
0022355 300
0022356 300
0022357 300
0022362 300
0022363 300
0022403 300
0022404 300
0022405 300
0022406 300
0022407 300
0022414 300
0022415 300
0022416 300
0022417 300
0022427 300
0022428 300
0022429 300
0022507 300
0022600 300
0022601 300
0022602 300
0022604 300
0022614 300
0022616 300
0022618 400
0022621 300
0022660 300
0023481 300
0023482 300
0023535 300
0023559 300
0023560 300
0023574 300
0023600 300
0023601 300
0024215 300
0024217 300
0024218 300
0024220 300
0024221 300
0024222 300
0024257 300
0024340 300
0024341 300
0024342 300
0024343 300
0024344 300
0024345 300
0024346 300
0024347 300
0024348 300
0024349 300
0024350 300
0024351 300
0024352 300
0024353 300
0024355 300
0024356 300
0024434 300
0024435 300
0024436 300
0024437 300
0024438 300
0027306 300
0027862 300
0027879 300
0027927 300
0027951 300
0027989 300
0028176 300
0028177 300
0028178 300
0028179 300
0028355 300
0028356 300
0028357 300
0028491 300
0028624 300
0028625 300
0028626 300
0028627 300
0028628 300
0028630 300
0028640 300
0028658 300
0028659 300
0028721 300
0028783 300
0028784 300
0028785 300
0028786 300
0028787 300
0028788 300
0028789 300
0028790 300
0028814 300
0028816 300
0028818 300
0028824 300
0028825 300
0028829 300
0028832 300
0028842 300
0028843 300
0029228 300
0029229 300
0029258 300
0029265 300
0029391 300
0029456 300
0029599 300
0029600 300
0029602 300
0029634 300
0029646 300
0029647 300
0029649 300
0029652 300
0029724 300
0029761 300
0029770 300
0029771 300
0029772 300
0029776 300
0029998 300
0030701 300
0030702 300
0030703 300
0030704 300
0030705 300
0030706 300
0030707 300
0030708 300
0030710 300
0030711 300
0031551 300
0031568 300
0031569 300
0031570 300
0031571 300
0033054 300
0033081 300
0033157 300
0033158 300
0033190 300
0035083 300
0035393 300
0035423 300
0035425 300
0036223 300
0036224 300
0036225 300
0036226 300
0036227 300
0036228 300
0036229 300
0036230 300
0036231 300
0036232 300
0036233 300
0036234 300
0036235 300
0036236 300
0036237 300
0036238 300
0036239 300
0036240 300
0036242 300
0036246 300
0036247 300
0036248 300
0036249 300
0036301 300
0036303 300
0036305 300
0036336 300
0036337 300
0036341 300
0036342 300
0036345 300
0036346 300
0036348 300
0036350 300
0036351 300
0036353 300
0036355 300
0036356 300
0036358 300
0036361 300
0036362 300
0036363 300
0036364 300
0036365 300
0036366 300
0036368 300
0036369 300
0036370 300
0036371 300
0036377 300
0036388 300
0036389 300
0036403 300
0036404 300
0036405 300
0036407 300
0036408 300
0036409 300
0036410 300
0036411 300
0036487 300
0036707 300
0036711 300
0036750 300
0036752 300
0036753 300
0036754 300
0036791 300
0036795 300
0036988 300
0036989 300
0037185 300
0037235 300
0037291 300
0037443 300
0037444 300
0037445 300
0037446 300
0037447 300
0037448 300
0037449 300
0037450 300
0039208 300
0039209 300
0039211 300
0039361 300
0040000 400
0042515 300
0049955 300
0049961 300
0049997 300
0050119 300
0050120 300
0050121 300
0050122 300
0050123 300
0050124 400
0050125 400
0050128 400
0050129 300
0050130 300
0050132 300
0050133 300
0050134 300
0050135 300
0050136 300
0050137 300
0050138 300
0050142 300
0054998 300
0055003 300
0055627 300
0061664 300
0061666 300
0061676 300
0061707 300
0061708 300
0061716 300
0061717 300
0061732 300
0061800 300
0061825 300
0061826 300
0061837 300
0061838 300
0061915 300
0061983 300
0061992 300
0062004 300
0062012 300
0062089 300
0062090 300
0062356 300
0062384 300
0062466 300
0062534 300
0062535 300
0062536 300
0062544 300
0062695 300
0062792 300
0062827 300
0062938 300
0062968 300
0063096 300
0063188 300
0063201 300
0063202 300
0063205 300
0063257 300
0063263 300
0063768 300
0064085 300
0064111 300
0064124 300
0064152 300
0064153 300
0064154 300
0064155 300
0064241 300
0064260 300
0064583 300
0064584 300
0064585 300
0064586 300
0064790 300
0064820 300
0064908 300
0065157 300
0065158 300
0065159 300
0065160 300
0065177 300
0065178 300
0065180 300
0065213 300
0065217 300
0065219 300
0065221 300
0065222 300
0065223 300
0065225 300
0065226 300
0065227 300
0065228 300
0065231 300
0065233 300
0065235 300
0065236 300
0065239 300
0065241 300
0065243 300
0065245 300
0065249 300
0065255 300
0065259 300
0065313 300
0065314 300
0065401 300
0065408 300
0065448 300
0065559 300
0065560 300
0065561 300
0065562 300
0065856 300
0065869 300
0065974 300
0065983 300
0065988 300
0066000 300
0066080 300
0066156 300
0066332 300
0066333 300
0066371 300
0066407 300
0066408 300
0066453 300
0066597 300
0067342 300
0067343 300
0067344 300
0067345 300
0067347 300
0067348 300
0067349 300
0067350 300
0067351 300
0067352 300
0067517 300
0067592 300
0067926 300
0067934 300
0067995 300
0068644 300
0068728 300
0068786 300
0068822 300
0069090 300
0069125 300
0069137 300
0069992 400
0070716 300
0070817 400
0071086 300
0071114 300
0071387 300
0071659 300
0072036 300
0072459 300
0072625 300
0072826 300
0072827 300
0072828 300
0072943 300
0073003 300
0073021 300
0073063 300
0073064 300
0073065 300
0073066 300
0073067 300
0073068 300
0073069 300
0073134 300
0073164 300
0073233 300
0074257 300
0074265 300
0074268 300
0074509 300
0074657 300
0074783 300
0074947 300
0075217 300
0075218 300
0075405 300
0075558 300
0075591 300
0075630 300
0075681 300
0075771 300
0075837 300
0075840 300
0075855 300
0076033 300
0076054 300
0076086 300
0076087 300
0076088 300
0076089 300
0076600 300
0076699 400
0076813 400
0077176 300
0077218 300
0077219 300
0077417 400
0077420 400
0077466 300
0077468 300
0077470 300
0077507 300
0077725 300
0077792 400
0077873 300
0077877 300
0077892 300
0077896 300
0077905 300
0077909 300
0077957 300
0080146 300
0080235 300
0080258 300
0080264 300
0080265 300
0080266 300
0080273 300
0080274 300
0080275 300
0080276 300
0080430 300
0080438 300
0080514 300
0080522 300
0080747 300
0080797 300
0080843 300
0081119 400
0081120 400
0081121 400
0081122 400
0081124 400
0081134 400
0081287 400
0081449 300
0081539 300
0081617 400
0081620 300
0081634 300
0081664 300
0081665 300
0081666 400
0081667 400
0081668 400
0081669 400
0081670 300
0081793 300
0081794 300
0081795 300
0081797 300
0081798 300
0081799 300
0081800 300
0081801 300
0081802 300
0081803 300
0081807 300
0081808 300
0081810 400
0081816 400
0081817 400
0082289 400
0082290 400
0082291 400
0082293 400
0082311 400
0082390 400
0082768 400
0082869 400
0082870 400
0082872 400
0082873 400
0082874 400
0082875 400
0082876 400
0082878 400
0082879 400
0082880 400
0082881 400
0082882 400
0083064 400
0083185 400
0083186 400
0083187 400
0083188 400
0083189 400
0083190 400
0083195 400
0083257 400
0083258 400
0083624 300
0083716 300
0083980 300
0084128 300
0085757 300
0085758 300
0085945 300
0091281 300
0091306 300
0091325 300
0091383 300
0091384 300
0091385 300
0091386 300
0091402 300
0091452 300
0091455 300
0091575 300
0092057 300
0092058 300
0092114 300
0092115 300
0092331 300
0092707 300
0092709 300
0092710 300
0092711 300
0092712 300
0092713 300
0092714 300
0092715 300
0092717 300
0092718 300
0092722 300
0093935 300
0093936 300
0093937 300
0093938 300
0093944 300
0093945 300
0093946 300
0093947 300
0093950 300
0093951 300
0093952 300
0093953 300
0093954 300
0093955 300
0093956 300
0093957 300
0093958 300
0093959 300
0093960 300
0093965 300
0093968 300
0093969 300
0093983 300
0093984 300
0093985 300
0094002 300
0094225 300
0094461 400
0094462 400
0094463 400
0094471 400
0094477 400
0094482 400
0094613 400
0094614 400
0095215 300
0095216 300
0095225 300
0095226 300
0095227 300
0095299 300
0095300 300
0095514 300
0095595 300
0095650 300
0095656 300
0095658 300
0095666 300
0095667 300
0096210 300
0096211 300
0096212 300
0096213 300
0096215 300
0096218 300
0096219 300
0096220 300
0096221 300
0096224 300
0096230 300
0096247 300
0096323 300
0096357 300
0096358 300
0096360 300
0096365 300
0096366 300
0099368 300
0099369 300
0099799 300
0099867 300
0102024 300
0102031 300
0102196 300
0102264 300
0102277 300
0102278 300
0102285 300
0102430 400
0102431 400
0102688 400
0102689 400
0102690 400
0102727 300
0102728 300
0103030 300
0103152 300
0103153 300
0103283 300
0103320 300
0103343 300
0104274 300
0104834 300
0105463 300
0106280 300
0106446 300
0106477 400
0106703 400
0106704 400
0106705 400
0106707 400
0107083 400
0107296 300
0107343 400
0107344 400
0107377 400
0107378 400
0107379 400
0107430 400
0107431 400
0107884 400
0107885 400
0107886 400
0107887 400
0107888 300
0107889 300
0107920 300
0107998 300
0108686 300
0108688 300
0108689 300
0108690 300
0108716 300
0108719 300
0108723 300
0108823 300
0108824 300
0108825 300
0108827 300
0108830 300
0108831 300
0109360 300
0109361 300
0110038 300
0200134 300
0200237 300
0200239 300
0200242 300
0200243 300
0200244 300
0200245 300
0200246 300
0200247 300
0200280 300
0200281 300
0200282 300
0200421 300
0200427 300
0200428 300
0200669 300
0200673 300
0200916 300
0201403 300
0201404 300
0201405 300
0201407 300
0201408 300
0201409 300
0201411 300
0201413 300
0201414 300
0201415 300
0201463 300
0201464 300
0201465 300
0201466 300
0201467 300
0201469 300
0201473 300
0201474 300
0201475 300
0201476 300
0201477 300
0201478 300
0201480 300
0201481 300
0201482 300
0201483 300
0201484 300
0201485 300
0201486 300
0201489 300
0201490 300
0201491 300
0201492 300
0201493 300
0201494 300
0201495 300
0201527 300
0201528 300
0201529 300
0201531 300
0201532 300
0201533 300
0202510 300
0202516 300
0202660 300
0202678 300
0202679 300
0202680 300
0202681 300
0202682 300
0202684 300
0202732 300
0202737 300
0202739 300
0202741 300
0202747 300
0202748 300
0202760 300
0202762 300
0202763 300
0202769 300
0202770 300
0202830 300
0202841 300
0202864 300
0203403 300
0204283 300
0204313 300
0204323 300
0204357 300
0204688 300
0204779 300
0204925 300
0204927 300
0204966 300
0204968 300
0204969 300
0204970 300
0204971 300
0204972 300
0204973 300
0204974 300
0204992 300
0205039 300
0205040 300
0205041 300
0205052 300
0205053 300
0205153 300
0205270 300
0205385 300
0205386 300
0205390 300
0205392 300
0205393 300
0205408 300
0205418 300
0205426 300
0205485 300
0205486 300
0205487 300
0205488 300
0205566 300
0205634 300
0205674 300
0205744 300
0205822 300
0205835 300
0205836 300
0205847 300
0206043 300
0206045 300
0206048 300
0206049 300
0206050 300
0206051 300
0206052 300
0206053 300
0206054 300
0206055 300
0206056 300
0206057 300
0206058 300
0206059 300
0206060 300
0206061 300
0206062 300
0206063 300
0206065 300
0206066 300
0206067 300
0206068 300
0206069 300
0206070 300
0206071 300
0206072 300
0206090 300
0206093 300
0206094 300
0206100 300
0206156 300
0206345 300
0206347 300
0206348 300
0206349 300
0206350 300
0206351 300
0206352 300
0206354 300
0206355 300
0206365 300
0206366 300
0206367 300
0206368 300
0206369 300
0206370 300
0206371 300
0206372 300
0206373 300
0206374 300
0206388 300
0206389 300
0206390 300
0206391 300
0206400 300
0206401 300
0206402 300
0206403 300
0206404 300
0206416 300
0206417 300
0206418 300
0206419 300
0206543 300
0206545 300
0206547 300
0206591 300
0206592 300
0206748 300
0206821 300
0206823 300
0206997 300
0208002 300
0208031 300
0208032 300
0208033 300
0208034 300
0208037 300
0208038 300
0208041 300
0208042 300
0208043 300
0208044 300
0208045 300
0208046 300
0208047 300
0208048 300
0208049 300
0208050 300
0208052 300
0208053 300
0208102 300
0208103 300
0208331 300
0208503 300
0208770 300
0209302 300
0209362 300
0209364 300
0209365 300
0209366 300
0209367 300
0209865 300
0210080 300
0210081 300
0210082 300
0210083 300
0210084 300
0210085 300
0210086 300
0210087 300
0210088 300
0210089 300
0210090 300
0210091 300
0210092 300
0210093 300
0210094 300
0210095 300
0210096 300
0210097 300
0210098 300
0210099 300
0210101 300
0210102 300
0210103 300
0210104 300
0210105 300
0210106 300
0210107 300
0210108 300
0210110 300
0210111 300
0210112 300
0210113 300
0210114 300
0210115 300
0210116 300
0210117 300
0210118 300
0210119 300
0213547 300
0213578 300
0213787 300
0213797 300
0213798 300
0215322 300
0215323 300
0220851 300
0220886 300

